LocalMunicipalityCode,LocalMunicipalityName,No_schooling,Some_primary,Complete_primary,Some_secondary,Grade_12_Std_10,Higher
EC101,Camdeboo,13.376380589901368,34.50326801729726,8.94089746512234,27.49955866301604,10.968897247916804,4.710998016746197
EC102,Blue Crane Route,16.03476266679515,36.1757524271484,8.797781240070611,25.86286388760182,9.434247631220744,3.6945921471632706
EC103,Ikwezi,18.428909252530257,35.37087762678036,8.590942579351236,26.504771101450196,7.946851720625063,3.157647719262887
EC104,Makana,10.558280180392332,28.842659954689644,8.106257556723655,30.921376313358145,14.277970332509964,7.29345566232626
EC105,Ndlambe,14.97648826888866,33.57807886279615,7.577571992025119,26.508491595280265,11.609796309088377,5.7495729719214355
EC106,Sundays River Valley,16.00382985232948,37.094799707687244,8.958443876456695,27.338067777575347,8.186993769147975,2.4178650168032503
EC107,Baviaans,13.745551996809619,36.56275668439572,10.467302589260221,28.286219347143327,7.729231083965167,3.208938298425941
EC108,Kouga,9.661281871812553,29.78615689672899,8.602344010925364,31.147670078918466,15.285429011271813,5.5171181303428085
EC109,Kou-Kamma,10.385719906262226,37.0166519540202,10.92321039982789,28.931911661067677,9.763869720379251,2.9786363584427518
EC121,Mbhashe,27.79043405062734,38.8006805482093,6.678386365059261,20.725110100139084,4.0028026652236575,2.0025862707563817
EC122,Mnquma,17.91349078879617,37.45900143085372,7.843925337673458,26.980658224926934,6.5578272355075296,3.2450969822421976
EC123,Great Kei,24.883991472179126,33.330459541868656,7.5776564133850615,24.65994180537117,7.128930220371579,2.4190205468244095
EC124,Amahlathi,16.361577847632912,37.32989115958248,9.56329379058798,27.76847976529215,6.601765961569327,2.3749914753351744
EC126,Ngqushwa,19.9745741051011,34.40589986373657,8.85919552615143,27.64828552193338,7.035336401907593,2.0767085811699206
EC127,Nkonkobe,12.801697590489436,34.25269779975568,9.362243867582757,29.667207165211384,9.872413865592062,4.043739711368692
EC128,Nxuba,12.734376478607098,35.02677591503126,9.619038404713368,30.884118573611048,8.201255497003876,3.5344351310333373
EC131,Inxuba Yethemba,15.587454690090555,33.90518368883068,8.241664217450019,27.13664824710009,10.509652905171961,4.619396251356684
EC132,Tsolwana,21.700272212083757,38.067798798602034,7.688021064806348,23.4982803645872,6.469652217609617,2.5759753423110423
EC133,Inkwanca,19.932207674706728,38.833196035667854,7.701830422189548,22.915513807864667,7.130769972122479,3.4864820874487155
EC134,Lukanji,13.829411490410779,31.40942602818312,7.618581367517249,29.906796503487477,11.823742399793062,5.412042210608319
EC135,Intsika Yethu,20.57489185782432,42.23123899126115,8.06243380830591,23.202166990992076,3.7905191301936663,2.1387492214228705
EC136,Emalahleni,24.064243582928313,41.36066139829376,6.916573257190101,21.34966332360753,4.287064332072607,2.0217941059076874
EC137,Engcobo,26.715201664946647,40.90796545573116,6.558883514026019,20.25493990218265,3.7296336842565996,1.8333757788569156
EC138,Sakhisizwe,18.466228476078097,39.82777548429508,7.457034204516577,25.30729338666743,5.986393019670679,2.9552754287721394
EC141,Elundini,19.67809609985489,42.64674732465277,8.004086517124653,23.05036076421725,4.519934922330626,2.1007743718198064
EC142,Senqu,18.839756004324563,40.54151916422966,7.554264134017178,25.006224862678184,5.5475190599343405,2.510716774787743
EC143,Maletswai,16.14732264067613,34.515703390640795,7.261337435797106,26.01822900331744,11.245596178188928,4.811811351379601
EC144,Gariep,21.358634879385246,37.18383451640687,7.0811620170002545,22.63161292870692,7.955119712122614,3.7896359463780893
EC153,Ngquza Hill,27.005231019592834,39.49377283251678,6.1292711940015145,20.723808290886545,4.714284444596481,1.9336322183906332
EC154,Port St Johns,30.016426451621754,40.4474240399262,5.82495011122387,18.322395387714163,3.9787345804416563,1.4100694290723486
EC155,Nyandeni,25.33788159110185,38.08976062347051,6.472096034752188,23.126349664053585,5.44919591200868,1.52471617461319
EC156,Mhlontlo,21.164150803634975,39.37487373625599,7.289599852397395,25.35069666795159,4.782662519724975,2.0380164200350634
EC157,King Sabata Dalindyebo,21.73391583472587,33.215252448066735,6.0842836722953155,25.31429367676158,9.057061384827355,4.595192983323134
EC441,Matatiele,15.806922886985717,42.566118516032155,8.655470970091296,25.862297757763773,4.896322533234046,2.2128673358930055
EC442,Umzimvubu,15.502648140226674,41.23928197291146,8.3518545259718,27.115814872337307,5.350618173822761,2.439782314710144
EC443,Mbizana,25.38475359610246,41.36043650022177,6.310029188502934,20.691710566336916,4.532118914576124,1.7209512342442834
EC444,Ntabankulu,25.406015442378703,42.893157649269966,6.380214864687299,20.083681339644716,3.8343975191657726,1.4025331848535443
BUF,Buffalo City,10.450503723399649,24.840880362613106,7.611494876665042,34.06118581035649,15.916150777772595,7.119784449187893
NMA,Nelson Mandela Bay,7.126437119837685,23.17176422669318,7.186863322571811,36.8876018602787,18.6567355655109,6.970597905107717
FS161,Letsemeng,21.640595699977556,34.573498245141074,7.691194991282302,23.87897055247728,9.294788233328125,2.9209522777936723
FS162,Kopanong,17.86952009774707,34.512633502090814,7.905569704790791,26.11410220003506,10.018404047053092,3.5797704482831927
FS163,Mohokare,17.186207318071673,40.84017940677114,8.180420923360336,22.21699514854685,8.069969022361057,3.5062281808889373
FS164,Naledi,13.059589521930516,40.97538574601195,8.920611195456175,25.804760306058256,8.425623564677922,2.8140296658651733
FS181,Masilonyana,14.755044791587773,35.01145786903753,8.706257108496683,28.862249651123093,10.204185816613935,2.46080476314099
FS182,Tokologo,25.666458462112228,35.015339430367234,6.978343965659871,21.190575815554986,8.694876505349205,2.4544058209564894
FS183,Tswelopele,19.63780728380453,37.16558957505547,8.292037246055028,24.057748329392826,8.155503417626395,2.6913141480657536
FS184,Matjhabeng,11.151697696754846,28.498059872468062,8.084697771279592,33.80039768128438,13.975103415966716,4.490043562255112
FS185,Nala,14.490399519364724,35.97044792321335,8.983941276146485,27.813607967524362,10.010056442393958,2.7315468713571143
FS191,Setsoto,15.092499936277488,34.26936722571901,8.879726520810099,28.149020520585648,10.179189013969578,3.430196782638178
FS192,Dihlabeng,14.173466069547056,31.008767802554004,7.249207790885702,28.660751346967462,13.709223102270348,5.198583887775419
FS193,Nketoana,19.904547805740805,35.368671287559934,7.220433208957866,25.140552675857474,9.14690277254574,3.2188922493381815
FS194,Maluti a Phofung,15.747575148117654,31.31767205032202,6.647557729457193,30.201357461296297,12.332822764326167,3.75301484648067
FS195,Phumelela,18.5024470556491,37.653265587470436,7.276219260165881,24.488744806782183,9.027498543014383,3.0518247469180335
FS196,Mantsopa,12.85336477588134,34.92011575631918,9.134823201977218,28.488573085121317,10.655698977340766,3.9474242033601783
FS201,Moqhaka,10.828588814686276,31.37951149951503,8.032395881058786,31.179820062104397,13.827971997699025,4.751711744959324
FS203,Ngwathe,13.74247498355517,33.26088446554516,7.313316140210503,29.583048649098437,12.4137895922596,3.6864861693311255
FS204,Metsimaholo,9.682843768411137,25.96059047306587,6.393933334883757,33.09162658716638,17.631830066227316,7.239175770245534
FS205,Mafube,18.702436520181156,32.98752590734309,6.983039769047934,26.69923462013692,11.251980044613354,3.3757831386775434
MAN,Mangaung,9.736470881600475,27.61199825903371,7.0041196218838415,30.514240876234105,17.62157843965253,7.511591921595335
GT421,Emfuleni,9.296071756927194,22.55117426442459,5.957170435951112,35.71812986997283,19.64649650398472,6.830957168728213
GT422,Midvaal,9.579764541600447,21.958355252518817,5.006292466659016,31.883336107587727,22.122712982481577,9.449538649152416
GT423,Lesedi,12.669319460307133,25.68843363916641,6.140839703383179,32.4745671164134,16.94316479084411,6.083675289885776
GT481,Mogale City,8.810522560721974,21.09621858166119,6.012975380351864,34.03703163965154,21.778869452283537,8.264382385317152
GT482,Randfontein,8.735462733791833,21.721148048252758,6.188835307726756,35.76216223685588,20.753689477576863,6.838702195795894
GT483,Westonaria,13.937735930171844,27.56720825494805,8.481412330734784,33.64039577844833,13.546207285262813,2.8270404204341837
GT484,Merafong City,12.186466436408882,25.96965395783799,7.76369222921778,34.73852885729905,15.225285827697164,4.116372691539148
EKU,Ekurhuleni,8.397638119568478,19.761629989752233,5.613511513749763,34.54448700289727,23.049548679144547,8.633184694887712
JHB,City of Johannesburg,6.998423468745623,17.87585038194795,5.386667505071516,33.59868248393777,24.311246696139115,11.829129464158013
TSH,City of Tshwane,8.401497278545387,19.147472566077433,4.985485423988029,29.12287350969422,24.220223995503083,14.12244722619349
KZN213,Umzumbe,22.05282128062468,39.122735434435924,7.098640129449811,23.606949163437964,6.722514073442055,1.3963399186316567
KZN214,UMuziwabantu,20.72022552543403,42.07386159110296,7.347815894481268,22.274656809088633,5.6345947675192205,1.9488454123738872
KZN215,Ezingoleni,21.87820577709349,40.0504850054766,6.838421090509829,23.674730876559146,6.029938954444242,1.528218295916706
KZN216,Hibiscus Coast,14.478675397482931,29.970849906582114,6.336518755754218,28.48020686799601,15.004931923323102,5.728817148861621
KZN211,Vulamehlo,25.844900092681467,36.942989977812616,6.517968483873288,22.31900033084143,7.38353300093648,0.9916081138547207
KZN212,Umdoni,13.653478280123574,28.166844599272288,6.103406599301955,29.238156883759448,17.368594709203187,5.4695189283395385
KZN221,uMshwathi,21.258108260945967,34.518534606363296,7.2474684959529885,25.77188507898342,9.084333404669511,2.1196701530848223
KZN222,uMngeni,11.740560523748462,24.597496167745962,6.137544134253081,30.12654423764477,17.839213759148613,9.558641177459121
KZN223,Mpofana,18.57166277920647,31.410127481502055,6.9356239540805555,26.56463452837527,12.582813124586187,3.9351381322494583
KZN224,Impendle,20.22575488057946,37.05341301698248,7.624537467335969,25.733873304652597,7.877407229809235,1.4850141006402475
KZN225,The Msunduzi,9.869992312261443,24.243772575823883,6.156970705451744,33.17558157696471,19.38398388728383,7.16969894221438
KZN226,Mkhambathini,22.171053184692305,34.37464652821276,6.905607827650488,25.208334010615012,9.131427055055621,2.2089313937738146
KZN227,Richmond,22.101162670969586,34.34671278235613,6.9387392278805695,25.036963762525698,9.218217040783596,2.358204515484431
KZN232,Emnambithi/Ladysmith,12.356654037065072,30.17672473479905,7.08983456403776,30.513831321624767,15.484688079494246,4.378267262979109
KZN233,Indaka,25.553758179964802,36.002754201390204,6.732174446891539,23.331327988010443,7.321294184100855,1.0586909996421583
KZN234,Umtshezi,19.43649317035634,28.91279820871552,6.005551631187097,26.510819452971766,14.784949222976069,4.349388313793211
KZN235,Okhahlamba,22.73012949444731,35.682900952136855,6.77049868373812,24.217337288438074,8.584482668189363,2.0146509130502768
KZN236,Imbabazane,19.491929837081486,34.275574082031,7.159561228623009,27.552402355544668,10.242953215435351,1.2775792812508482
KZN271,Umhlabuyalingana,33.68505983926984,33.36874823718885,5.467284845564472,18.21852592627574,7.734988220091182,1.5253929315824013
KZN272,Jozini,30.839093173439476,34.24288603957056,5.5939881091257675,18.941439569497916,8.636815874454875,1.7457772339114137
KZN273,The Big 5 False Bay,29.099701178972225,33.54314660051318,5.869136703606405,19.870802364132818,9.441628292963172,2.175584859812205
KZN274,Hlabisa,25.30013491636462,34.637914308488135,6.446327803687396,23.053148234641522,9.29818869014946,1.2642860466688575
KZN275,Mtubatuba,23.14524293384691,34.08214521958196,6.186031985401051,23.185457579763852,10.869518351665452,2.5316039297148394
KZN282,uMhlathuze,12.720532004120916,25.560898813470644,5.350275416052866,27.086002804132676,21.274864849723905,8.007426112499004
KZN286,Nkandla,29.96126353760811,35.462829314626546,5.933366599502613,19.953004926518986,7.220965495769471,1.4685701259742885
KZN281,Mfolozi,20.270531278319805,34.20802228257545,6.44442875086481,26.312149788406668,11.476598936537624,1.2882689632956397
KZN283,Ntambanana,25.57263224537627,37.29484676467467,6.19182779260643,22.277521949298983,7.800814335547175,0.8623569124964705
KZN284,uMlalazi,26.104264803087908,33.764892387498804,6.401831876385692,22.582253027056236,8.851349257997713,2.2954086479736673
KZN285,Mthonjaneni,26.355704061575906,34.826565088690735,6.114657136047401,21.423006312708566,9.216108441252615,2.0639589597247725
KZN431,Ingwe,20.39066599233105,40.53766874135075,7.637007908833766,23.73028142109519,6.194448930812921,1.5099270055763307
KZN432,Kwa Sani,14.818803605432384,36.39558838546451,7.310658678544926,24.77984397691643,10.982610139147104,5.7124952144946635
KZN433,Greater Kokstad,9.38205230373805,32.70327194326795,7.386729019704692,30.26170247081949,14.59536442856589,5.670879833903935
KZN434,Ubuhlebezwe,19.397962989318156,39.482997782345585,7.51684431896474,23.955113919631305,7.697826506943463,1.949254482796756
KZN435,Umzimkhulu,14.289482796950367,45.94909652062801,7.7491727953612335,24.524663776591233,5.3404700757121715,2.1471140347343454
KZN241,Endumeni,11.731500669769542,28.974345003402053,6.408505757640838,30.196837842770247,17.13973544280363,5.549075283613696
KZN242,Nqutu,22.793479651744683,39.569507067234596,6.6358130670945314,22.66990013433284,7.042586398615709,1.2887136809534123
KZN244,Msinga,40.35453427959073,32.59862600946891,4.78698065671416,15.52103599776794,5.534762719958479,1.2040603364760545
KZN245,Umvoti,26.822312923161494,32.54191890731512,5.930930003080895,22.481748973042176,9.714609644869274,2.5084795485310556
KZN252,Newcastle,11.42328172903649,27.69362137912601,6.468284130260886,31.58290969135546,17.25599858168857,5.575904488532575
KZN253,Emadlangeni,18.634627500066305,40.57336338629916,6.906358118019654,22.05541463007679,8.775743529643698,3.0544928358943966
KZN254,Dannhauser,15.673018929895502,35.325794501197166,7.489316322052559,29.44321364702498,10.347632704787854,1.72102389504193
KZN263,Abaqulusi,19.37602796374147,32.77464517862673,6.377056433571876,26.294955761402782,11.808885803301605,3.36842885935553
KZN261,eDumbe,22.166050038400055,36.80579397388393,6.642930399678577,24.33014338916002,8.31848713570696,1.7365950631704472
KZN262,UPhongolo,22.454519740846877,35.14832314932638,6.804818347601689,23.55040279967664,9.974417596116165,2.0675183664322505
KZN265,Nongoma,24.30374774060532,36.019882273730744,6.222545785348544,22.59907121230384,9.143769939768898,1.7109830482630812
KZN266,Ulundi,25.106456667085492,32.7771251143444,6.073608754348444,22.45761348715598,11.219295452588034,2.365900524456229
KZN294,Maphumulo,29.72471047716284,35.60553401435799,6.096646928553142,20.533694741061744,6.754125640356722,1.2852881985075617
KZN291,Mandeni,14.60122819437088,31.996185134113208,7.009541953574148,29.425614575324683,14.41589453492236,2.551535607663843
KZN292,KwaDukuza,15.80810469256331,27.817278169331527,6.444167611478468,28.698493381984463,16.56973029120323,4.662225853438999
KZN293,Ndwedwe,25.417810079164997,34.77636322845628,6.660750471225894,23.84337019611174,8.279288291936744,1.0224177330788566
ETH,eThekwini,8.954495079338676,22.440461271957318,5.817934435727862,33.09036355479128,22.235448543400587,7.461297114785497
LIM331,Greater Giyani,25.759727580123524,31.07028581748062,6.730381048806512,24.103981840759996,8.823443694661846,3.51218001816749
LIM332,Greater Letaba,28.0985212531396,30.266599847617236,6.147118453760167,25.772105300812175,7.205720532518829,2.509934612170178
LIM333,Greater Tzaneen,23.25270357474748,27.994034572028447,6.46465906412349,27.621449564616157,10.514377836660998,4.152775387833777
LIM334,Ba-Phalaborwa,19.52487221745737,26.695913356571577,5.848472345695916,28.466145287899842,13.614501048383199,5.850095743992099
LIM335,Maruleng,25.248547716449572,30.13436562928246,6.484051052972662,26.856310241836923,8.053086553107278,3.2236388063510897
LIM342,Mutale,21.28607538824476,33.798754113455246,7.043357710124484,26.802040941138088,7.94467500124185,3.125096845795582
LIM343,Thulamela,20.0682359190866,30.30692055366847,6.666997759099013,27.67666181716543,10.307516298300612,4.97366765267987
LIM341,Musina,17.391256242084292,23.86985757527505,8.582637477953677,32.80250752251484,12.844751326060502,4.508989856111624
LIM344,Makhado,22.097511720544023,29.08566385972487,6.68688262257975,28.041308298265765,9.962660597047494,4.125972901838109
LIM351,Blouberg,27.55813297915686,33.14372269221224,6.659084933329261,24.429508418772144,5.97471421692946,2.2348367596238425
LIM352,Aganang,19.44004353015555,32.87530057099417,7.596805934522859,28.780170967313158,8.62248222930542,2.685196767708856
LIM353,Molemole,22.949897267319322,28.940098742050463,6.635675714158312,29.46018456091585,8.429833879875314,3.5843098356807386
LIM354,Polokwane,12.139577094144492,26.223788859366493,6.325148622015318,30.72939593076717,16.52239927614343,8.0596902175631
LIM355,Lepele-Nkumpi,20.890583450723685,29.1331421043439,6.257714816598496,27.77640313971153,10.952483194476189,4.98967329414619
LIM361,Thabazimbi,15.204298530964088,27.009779808138223,7.707614750753307,30.77368370936687,15.015368654301783,4.289254546475736
LIM362,Lephalale,16.88725831225447,30.14829104571693,6.898514910651259,28.628769252129338,11.97606037802251,5.461106101225481
LIM364,Mookgopong,17.169105279903373,27.66660081519249,6.69107460658665,29.227010508089908,14.583206082029054,4.6630027081985315
LIM365,Modimolle,17.385836736150093,31.72081434212047,7.44313853231623,26.5153195365131,12.132166720577791,4.802724132322318
LIM366,Bela-Bela,14.058779226121098,30.775306224762268,6.916103621126733,28.45511509139746,14.382662048842729,5.412033787749719
LIM367,Mogalakwena,20.67842706907795,29.853880350542422,6.454328956311152,28.958325156830995,10.378363335222751,3.676675132027803
LIM471,Ephraim Mogale,24.366230157709595,31.255342149801603,6.652458345477627,26.427971482424645,8.868518696427493,2.429479168159041
LIM472,Elias Motsoaledi,26.529302457884267,29.224390328883675,6.109538797335504,26.09257143960499,9.256402006953781,2.7877949693546644
LIM473,Makhuduthamaga,25.20110275262754,30.615930942454415,6.16623489085055,26.92719190575846,8.522828218679706,2.566711289629316
LIM474,Fetakgomo,28.06751612077823,27.68427746641246,5.822122372752743,26.752363923544902,8.871541919194074,2.802178197317601
LIM475,Greater Tubatse,22.951009820979984,28.586164481722992,6.247851270365218,30.10002610569673,9.41646062263817,2.698487698596903
MP301,Albert Luthuli,23.830886734742272,31.13271541729599,6.566846704395066,25.32739615516018,10.496583929221062,2.6455710591854156
MP302,Msukaligwa,17.766497787067504,27.530671313804277,6.420401931122475,28.871687220509983,14.70312677824197,4.707614969253779
MP303,Mkhondo,21.780413515523836,33.10651946139557,6.766829078550396,24.663330020922146,11.185115562939886,2.4977923606960117
MP304,Pixley Ka Seme,23.985908188199943,31.869412851049827,6.250986201261961,23.93010083037409,10.64821107074171,3.315380858372472
MP305,Lekwa,16.17369323191537,30.7428463326382,6.770500083894294,28.24640389187998,13.188318871087832,4.878237588584304
MP306,Dipaleseng,19.425227365968926,31.24216382168304,6.648702610633961,28.142569246443788,11.684060296852099,2.8572766584181872
MP307,Govan Mbeki,13.797839221124802,24.82107699369538,6.337540457335216,30.6029854069562,17.741246447030406,6.6993114738579775
MP311,Victor Khanye,18.79940544911249,28.09223447966876,6.530008204391299,28.616324634274022,13.818200744543724,4.143826488009709
MP312,Emalahleni,10.977167675752026,22.716683832956434,6.1792276955052365,32.71316787062776,19.453577200072626,7.960175725073452
MP313,Steve Tshwete,12.40973941544329,22.40478543315777,5.6871526953437295,29.904391718969652,21.089523627319124,8.504407109766433
MP314,Emakhazeni,19.73395541366551,27.236491802576722,7.317026083746975,27.78790798285628,13.971701126061161,3.9529175910933496
MP315,Thembisile,21.73881664260021,29.43495980585157,6.481840837921057,27.60805180413478,12.323688955345414,2.412641954161136
MP316,Dr JS Moroka,21.63563466758778,29.39264362103753,6.539037523363615,27.183928013656345,12.254970569834365,2.9937856045203555
MP321,Thaba Chweu,15.597102562534696,26.09560518125314,6.802223972269989,29.453969853812612,16.50289340718207,5.5482050229474815
MP322,Mbombela,17.862294169499055,26.95903549014826,6.300710474816622,25.902302509932042,16.860492292551395,6.115165063060338
MP323,Umjindi,15.92535489007135,25.838111626260744,6.673240905818482,28.74597249771792,17.77647618001646,5.040843900115028
MP324,Nkomazi,28.039828937256605,30.838712225991475,6.241278658922994,21.451227301499713,10.664564904009364,2.7643879723198608
MP325,Bushbuckridge,23.13894475822739,30.97178886020227,6.089104280405815,25.812356596822493,10.798484616157406,3.1893208881846347
NW371,Moretele,14.783628525815773,30.50426200549019,7.422837474086556,31.426357339454224,13.449818973085485,2.413095682067763
NW372,Madibeng,12.828490804934772,27.128383533857708,6.989324470902865,32.53062422328018,16.063199137762936,4.4599778292714305
NW373,Rustenburg,10.580629293730508,25.10376140029719,7.054854746362999,32.80282348146004,19.10222572217756,5.355705355971694
NW374,Kgetlengrivier,20.34054281253601,31.66391390372194,6.934693828376464,24.843202588585154,12.788801582233006,3.428845284547419
NW375,Moses Kotane,15.408508398915256,29.851905993318884,7.127451765789074,30.641068953538298,13.713143341430033,3.257921546992419
NW381,Ratlou,29.102593331901005,38.9573367467937,6.442089963527992,19.509669293513998,4.670391952974154,1.3179187112891422
NW382,Tswaing,24.289539387318754,37.36446710029553,6.714957224027026,21.324278357549847,7.564785387282777,2.7419725435260567
NW383,Mafikeng,15.64326290062473,29.598822743498225,6.276419296118563,27.04869301264854,15.204734692242667,6.228067354867279
NW384,Ditsobotla,19.30913541286487,34.36627855503944,6.97473020672263,24.685654564020464,10.9377552168044,3.726446044548188
NW385,Ramotshere Moiloa,24.523838711301035,30.977918453941744,6.147981306389533,24.19576609350981,10.767785720585357,3.3867097142725338
NW392,Naledi,23.31599605824435,29.4968797580583,6.110299690908158,24.309850413652224,11.982889056173573,4.784085022963399
NW393,Mamusa,26.781260315706728,36.06456800312654,6.593208735365167,20.299606221077052,7.87693118898079,2.384425535743726
NW394,Greater Taung,23.55314329822687,37.812590252600906,6.745517833284651,23.090251001251662,6.5674774237369675,2.2310201908989336
NW396,Lekwa-Teemane,22.67148719812319,32.83196376856849,6.357597071886575,24.391459274639583,10.853073306276634,2.894419380505527
NW397,Kagisano/Molopo,32.142735363902986,36.47438859792956,5.844776455111639,17.333208372263336,5.864920796354982,2.33997041443749
NW401,Ventersdorp,19.465982018809648,36.16029098253563,8.03498044385328,25.022062367545427,8.688305631195549,2.628378556060457
NW402,Tlokwe City Council,11.162313393321272,24.75644506319056,6.377411915122902,29.554084795164243,19.31813237313394,8.831612460067072
NW403,City of Matlosana,12.950243615202945,26.917559585845623,6.907470761952784,32.077396741482765,16.196274696587878,4.951054598928011
NW404,Maquassi Hills,25.972573768717293,33.872511434728516,6.648201268142924,21.763747161820604,9.295590170682857,2.4473761959078044
NC061,Richtersveld,7.334327563289012,28.626290568068768,13.733575021479988,34.091501052071806,11.98765258625007,4.226653208840356
NC062,Nama Khoi,6.520163421136134,28.92137885336806,10.805844350856848,36.79072699944733,12.013228722473789,4.948657652717841
NC064,Kamiesberg,9.995607159862459,32.76776179205219,11.310829198120588,33.28756410990671,9.771689202617544,2.8665485374405093
NC065,Hantam,19.871685157309273,32.12584855825335,8.18955565030246,24.31201640274842,10.965771587181157,4.5351226442053365
NC066,Karoo Hoogland,24.32397847038357,30.51266433911079,7.445364055927824,22.082480536671888,9.829572578864225,5.805940019041706
NC067,Khâi-Ma,8.322488320684524,30.82734655431249,9.873068928411968,35.77134676198848,11.593287164267645,3.612462270334888
NC071,Ubuntu,22.710623228792556,34.890413773809776,7.76058965524106,21.584384040676643,8.619969768595823,4.434019532884145
NC072,Umsobomvu,20.32657569988255,34.128729334439434,7.2208863661626825,24.539863974523975,10.276370826363246,3.5075737986281377
NC073,Emthanjeni,16.43997370460362,31.58284044697519,7.64361993891227,27.855972193797935,12.39357376156636,4.084019954144629
NC074,Kareeberg,23.610833910472113,32.64462508755332,7.554480655660879,23.331773389489488,8.98042101397042,3.877865942853762
NC075,Renosterberg,21.404764526530233,35.11575349004907,7.054951929231958,22.345861280098543,10.173712144778232,3.9049566293119544
NC076,Thembelihle,21.96310263323568,34.65450769495278,7.5079408537843895,22.33570169902577,9.615732541744217,3.9230145772571743
NC077,Siyathemba,17.610601043728526,34.94229632518419,8.633813586730515,26.089627793774444,9.180301412929527,3.5433598376527904
NC078,Siyancuma,24.32636260384749,36.10518930678241,7.803147076091686,20.940530382908698,7.702925406285186,3.121845224084532
NC081,Mier,16.851188231192516,37.22756141576428,10.0583439389893,25.195857472633833,7.868296990428216,2.7987519509918504
NC082,Kai !Garib,13.89448317897973,35.65547947922232,9.462008962592979,28.972154475738865,8.62417775559926,3.391696147866853
NC083,//Khara Hais,11.890119737097264,29.200112605736418,8.19681919472309,31.985651632606267,14.270778582295888,4.45651824754108
NC084,!Kheis,17.86307967332619,39.24369045275462,10.05426021405404,23.01400340862776,7.176706521584246,2.6482597296531285
NC085,Tsantsabane,19.73288148439596,27.716356765811227,6.948380324066098,28.618511302812188,13.408842731631978,3.575027391282553
NC086,Kgatelopele,16.81071057066988,28.514438084204674,6.72568546411599,28.844832267997766,13.740054451897576,5.364279161114109
NC091,Sol Plaatjie,11.172530532327327,25.27326644878415,7.013401233071577,33.97236447298047,16.3619393648837,6.206497947969957
NC092,Dikgatlong,21.97540039431416,33.43860699122927,7.84063643522628,25.32967652851163,9.431313786117855,1.9843658646008042
NC093,Magareng,20.032281058163363,33.1788254828763,6.973886327149079,26.956651864831727,10.885992389032621,1.972362877946915
NC094,Phokwane,24.143481585519144,30.478031908037632,6.062966416860882,24.395406270298594,10.96870206043861,3.9514117588451434
NC451,Joe Morolong,25.713296123411844,41.324999547725334,6.522840868401554,19.412696279200812,5.3327794811054225,1.6933877001550401
NC452,Ga-Segonyana,15.495380937396499,33.07178045555581,6.472529033622984,27.94319652233951,12.366030481377033,4.651082569708169
NC453,Gamagara,15.80362505740708,26.48401642803388,6.6909702280433345,26.48650604865772,16.40472223975239,8.130159998105611
WC011,Matzikama,10.526088759209868,31.35310502617762,9.480726233897292,31.483580647359872,12.38813471098978,4.7683646223655645
WC012,Cederberg,11.298122631030784,32.52848747507606,10.49809602126849,30.01259464534682,11.650072552792528,4.012626674485305
WC013,Bergrivier,9.69592815771313,30.8588083652134,9.723580887647875,30.69377402581006,13.827207899903202,5.200700663712337
WC014,Saldanha Bay,6.520598162977291,25.469563000843078,8.461521002512487,35.588065759472876,17.86305659277205,6.097195481422216
WC015,Swartland,9.958470666935737,30.551220204534374,8.78376235585688,29.486347569192727,14.93079697086632,6.289402232613964
WC022,Witzenberg,10.666527537088081,33.234597400865084,9.738493460620662,31.35858197325566,10.708956251219695,4.292843376950812
WC023,Drakenstein,7.649782069292099,26.617744321241755,8.188301106492602,33.46069668064273,16.873001174904132,7.210474647426679
WC024,Stellenbosch,6.798325367005054,24.228638811634557,7.312779224479524,30.440276966776885,18.76481133012519,12.455168299978777
WC025,Breede Valley,9.08430470173036,29.696947727939822,8.52647874942996,32.569841364934945,14.79611053779849,5.326316918166415
WC026,Langeberg,11.076902996470174,34.908027403879004,8.7433844631545,28.265379718049775,12.522876592171794,4.483428826274744
WC034,Swellendam,9.612445905634557,34.432922603807,8.438104796300538,28.263866413152407,12.772616289335852,6.480043991769651
WC031,Theewaterskloof,9.105051467749814,31.11064943241834,10.126481522719073,32.93902718865063,12.1568886189462,4.561901769515932
WC032,Overstrand,5.639772094921068,21.72686285936937,6.576214982536258,33.388890646830056,20.792184838593904,11.876074577749337
WC033,Cape Agulhas,7.506558961237062,28.71228951179454,9.795204595822787,30.688382320478798,14.673880493371014,8.623684117295786
WC041,Kannaland,11.70271374757145,37.501759587470644,9.890179343383352,27.618782358667932,9.776536258899988,3.5100287040066473
WC042,Hessequa,8.52302438687744,31.023210623338592,9.253987370564998,29.681429967568242,14.548346734566797,6.97000091708394
WC043,Mossel Bay,6.468226274703339,24.890384436273262,7.235607363594373,31.81465147085808,20.238601745683162,9.352528708887776
WC044,George,8.246928464916314,27.099352819359705,7.449712510291527,31.32647790275215,18.391067084834482,7.486461217845811
WC045,Oudtshoorn,9.256133518971653,31.53603670530048,9.138698994697085,30.728114803322242,14.656412288934039,4.684603688774504
WC047,Bitou,6.259673197386998,25.106828574086748,7.652541532723248,32.710946722091634,19.648764434162505,8.621245539548868
WC048,Knysna,6.261055915373618,26.408652389956437,7.8192401252883945,32.18058692635626,19.009398968083577,8.321065674941707
WC051,Laingsburg,16.577793225922818,31.58687742117409,8.663832190669169,27.949703556213016,10.094765718804505,5.1270278872164
WC052,Prince Albert,14.678694596967127,37.02582915299894,8.839366973164008,25.549791588991027,8.963057974446686,4.943259713432196
WC053,Beaufort West,14.178061916678992,31.387453417157797,8.208057246275171,29.66840475804519,12.494312543218232,4.063710118624628
CPT,City of Cape Town,5.653445206110013,21.1076779186021,6.739694204818368,36.16777814491598,20.01871190273127,10.312692622822262
